4294967279,121
4294967279,120
4294967279,119
4294967279,118
4294967279,117
4294967279,116
4294967279,115
4294967279,114
4294967279,113
4294967279,112
4294967279,111
4294967279,110
4294967279,109
4294967279,108
4294967279,107
4294967278,37
4294967278,35
4294967278,34
4294967278,33
4294967278,32
4294967278,31
4294967278,30
4294967278,29
4294967278,28
4294967278,27
4294967278,26
4294967278,25
4294967278,24
4294967278,23
4294967278,22
4294967278,21
4294967278,20
4294967278,19
4294967278,18
4294967278,17
4294967278,16
4294967278,15
4294967278,14
4294967278,13
4294967278,12
4294967278,11
4294967278,10
4294967278,9
4294967278,8
4294967278,7
4294967278,6
4294967278,5
4294967278,4
4294967279,132
4294967279,131
4294967279,130
4294967279,129
4294967279,128
4294967279,127
4294967279,126
4294967279,125
4294967279,124
4294967279,123
4294967279,122
4294967279,36
4294967279,34
4294967279,32
4294967279,31
4294967279,30
4294967279,29
4294967279,28
4294967279,26
4294967279,24
4294967279,18
4294967279,17
4294967279,16
4294967279,13
4294967279,12
4294967279,11
4294967279,10
4294967278,179
4294967294,166
4294967278,178
22,5
4294967278,177
22,4
22,3
22,2
22,1
4294967278,176
4294967294,439
4294967294,1038
4294967278,175
4294967278,173
21,5
4294967278,172
21,4
21,3
21,2
21,1
4294967278,171
4294967278,170
4294967294,392
4294967278,169
20,4
4294967278,168
20,3
20,2
20,1
4294967278,314
4294967278,167
4294967278,165
19,5
19,4
4294967278,164
19,3
19,2
19,1
4294967278,313
4294967278,163
4294967278,161
18,4
18,3
18,2
18,1
4294967278,160
4294967294,1421
4294967278,159
4294967294,386
4294967294,387
4294967294,393
4294967294,388
4294967294,120
4294967294,114
4294967278,158
17,4
4294967278,157
17,3
17,2
17,1
4294967278,312
4294967278,260
4294967294,1420
4294967294,389
4294967294,429
4294967278,156
4294967278,154
16,4
16,3
16,2
16,1
4294967278,153
4294967278,152
4294967278,36
4294967278,151
15,6
4294967278,150
15,5
15,4
4294967278,149
15,3
15,2
15,1
4294967278,297
4294967279,149
4294967294,37
4294967294,40
4294967294,982
4294967294,990
4294967294,984
4294967278,148
4294967294,99
4294967279,148
4294967294,107
4294967279,147
4294967278,146
14,4
4294967279,146
14,3
14,2
14,1
4294967279,302
4294967294,9
4294967278,145
0,7
4294967294,45
4294967294,44
4294967294,43
4294967294,53
4294967294,51
4294967294,1021
4294967294,29
4294967294,470
4294967294,90
4294967294,86
4294967294,84
4294967279,145
4294967294,42
4294967294,1028
4294967294,983
4294967294,981
4294967294,979
4294967294,1030
4294967294,1029
4294967294,976
4294967294,970
4294967294,972
4294967294,971
4294967294,974
4294967294,1026
4294967294,1025
4294967294,1027
4294967294,401
4294967294,988
4294967294,987
4294967294,986
4294967294,980
4294967294,977
4294967294,975
4294967294,973
4294967294,961
4294967294,1024
4294967294,118
4294967294,113
4294967294,112
4294967294,111
4294967294,422
4294967294,110
4294967294,109
4294967294,39
4294967294,185
4294967294,182
4294967294,176
4294967294,173
4294967294,1031
4294967294,190
4294967294,1032
4294967294,104
4294967294,169
4294967294,170
4294967294,82
4294967294,1022
4294967294,92
4294967294,88
4294967294,1023
4294967294,20
4294967294,13
4294967294,126
4294967294,127
4294967294,18
4294967278,132
4294967278,131
4294967278,130
4294967278,129
4294967278,128
4294967278,127
4294967278,126
4294967278,125
4294967278,124
4294967278,123
4294967278,122
4294967278,121
4294967278,120
4294967278,119
4294967278,118
4294967278,117
4294967278,116
4294967278,115
4294967278,114
4294967278,113
4294967278,112
4294967278,111
4294967278,110
4294967278,109
4294967278,108
4294967278,107
4294967278,106
4294967278,105
4294967278,104
4294967278,103
4294967278,102
4294967278,101
4294967278,100
4294967278,99
4294967278,98
4294967278,97
4294967278,96
4294967278,95
4294967278,94
4294967278,93
4294967278,92
4294967278,91
4294967278,90
4294967278,89
4294967278,87
4294967278,86
4294967278,85
